display name,designator,electrical type,description,orientation,Location X,Location Y
ADC1_SE4a/PTE0/SPI1_PCS1/UART1_TX/SDHC0_D1/TRACE_CLKOUT/I2C1_SDA/RTC_CLKOUT,1,IO,Default=(ADC1_SE4a)  ALT0=(ADC1_SE4a)  ALT1=(PTE0)  ALT2=(SPI1_PCS1)  ALT3=(UART1_TX)  ALT4=(SDHC0_D1)  ALT5=(TRACE_CLKOUT)  ALT6=(I2C1_SDA)  ALT7=(RTC_CLKOUT)  EZPort=()  ,180 Degrees,0,0
ADC1_SE5a/PTE1/LLWU_P0/SPI1_SOUT/UART1_RX/SDHC0_D0/TRACE_D3/I2C1_SCL/SPI1_SIN,2,IO,Default=(ADC1_SE5a)  ALT0=(ADC1_SE5a)  ALT1=(PTE1/LLWU_P0)  ALT2=(SPI1_SOUT)  ALT3=(UART1_RX)  ALT4=(SDHC0_D0)  ALT5=(TRACE_D3)  ALT6=(I2C1_SCL)  ALT7=(SPI1_SIN)  EZPort=()  ,180 Degrees,0,-10
ADC1_SE6a/PTE2/LLWU_P1/SPI1_SCK/\U\A\R\T\1\_\C\T\S/SDHC0_DCLK/TRACE_D2,3,IO,Default=(ADC1_SE6a)  ALT0=(ADC1_SE6a)  ALT1=(PTE2/LLWU_P1)  ALT2=(SPI1_SCK)  ALT3=(UART1_CTS_b)  ALT4=(SDHC0_DCLK)  ALT5=(TRACE_D2)  ALT6=()  ALT7=()  EZPort=()  ,180 Degrees,0,-20
ADC1_SE7a/PTE3/SPI1_SIN/\U\A\R\T\1\_\R\T\S/SDHC0_CMD/TRACE_D1/SPI1_SOUT,4,IO,Default=(ADC1_SE7a)  ALT0=(ADC1_SE7a)  ALT1=(PTE3)  ALT2=(SPI1_SIN)  ALT3=(UART1_RTS_b)  ALT4=(SDHC0_CMD)  ALT5=(TRACE_D1)  ALT6=()  ALT7=(SPI1_SOUT)  EZPort=()  ,180 Degrees,0,-30
VDD,5,Power,Default=(VDD)  ALT0=(VDD)  ALT1=()  ALT2=()  ALT3=()  ALT4=()  ALT5=()  ALT6=()  ALT7=()  EZPort=()  ,180 Degrees,0,-40
VSS,6,Power,Default=(VSS)  ALT0=(VSS)  ALT1=()  ALT2=()  ALT3=()  ALT4=()  ALT5=()  ALT6=()  ALT7=()  EZPort=()  ,180 Degrees,0,-50
-/PTE4/LLWU_P2/SPI1_PCS0/UART3_TX/SDHC0_D3/TRACE_D0,7,IO,Default=(DISABLED)  ALT0=()  ALT1=(PTE4/LLWU_P2)  ALT2=(SPI1_PCS0)  ALT3=(UART3_TX)  ALT4=(SDHC0_D3)  ALT5=(TRACE_D0)  ALT6=()  ALT7=()  EZPort=()  ,180 Degrees,0,-60
-/PTE5/SPI1_PCS2/UART3_RX/SDHC0_D2/FTM3_CH0,8,IO,Default=(DISABLED)  ALT0=()  ALT1=(PTE5)  ALT2=(SPI1_PCS2)  ALT3=(UART3_RX)  ALT4=(SDHC0_D2)  ALT5=()  ALT6=(FTM3_CH0)  ALT7=()  EZPort=()  ,180 Degrees,0,-70
-/PTE6/LLWU_P16/SPI1_PCS3/\U\A\R\T\3\_\C\T\S/I2S0_MCLK/FTM3_CH1/USB0_SOF_OUT,9,IO,Default=(DISABLED)  ALT0=()  ALT1=(PTE6/LLWU_P16)  ALT2=(SPI1_PCS3)  ALT3=(UART3_CTS_b)  ALT4=(I2S0_MCLK)  ALT5=()  ALT6=(FTM3_CH1)  ALT7=(USB0_SOF_OUT)  EZPort=()  ,180 Degrees,0,-80
-/PTE7/\U\A\R\T\3\_\R\T\S/I2S0_RXD0/FTM3_CH2,10,IO,Default=(DISABLED)  ALT0=()  ALT1=(PTE7)  ALT2=()  ALT3=(UART3_RTS_b)  ALT4=(I2S0_RXD0)  ALT5=()  ALT6=(FTM3_CH2)  ALT7=()  EZPort=()  ,180 Degrees,0,-90
-/PTE8/I2S0_RXD1/I2S0_RX_FS/LPUART0_TX/FTM3_CH3,11,IO,Default=(DISABLED)  ALT0=()  ALT1=(PTE8)  ALT2=(I2S0_RXD1)  ALT3=()  ALT4=(I2S0_RX_FS)  ALT5=(LPUART0_TX)  ALT6=(FTM3_CH3)  ALT7=()  EZPort=()  ,180 Degrees,0,-100
-/PTE9/LLWU_P17/I2S0_TXD1/I2S0_RX_BCLK/LPUART0_RX/FTM3_CH4,12,IO,Default=(DISABLED)  ALT0=()  ALT1=(PTE9/LLWU_P17)  ALT2=(I2S0_TXD1)  ALT3=()  ALT4=(I2S0_RX_BCLK)  ALT5=(LPUART0_RX)  ALT6=(FTM3_CH4)  ALT7=()  EZPort=()  ,180 Degrees,0,-110
-/PTE10/LLWU_P18/I2C3_SDA/I2S0_TXD0/\L\P\U\A\R\T\0\_\C\T\S/FTM3_CH5/USB1_ID,13,IO,Default=(DISABLED)  ALT0=()  ALT1=(PTE10/LLWU_P18)  ALT2=(I2C3_SDA)  ALT3=()  ALT4=(I2S0_TXD0)  ALT5=(LPUART0_CTS_b)  ALT6=(FTM3_CH5)  ALT7=(USB1_ID)  EZPort=()  ,180 Degrees,0,-120
-/PTE11/I2C3_SCL/I2S0_TX_FS/\L\P\U\A\R\T\0\_\R\T\S/FTM3_CH6,14,IO,Default=(DISABLED)  ALT0=()  ALT1=(PTE11)  ALT2=(I2C3_SCL)  ALT3=()  ALT4=(I2S0_TX_FS)  ALT5=(LPUART0_RTS_b)  ALT6=(FTM3_CH6)  ALT7=()  EZPort=()  ,180 Degrees,0,-130
-/PTE12/I2S0_TX_BCLK/FTM3_CH7,15,IO,Default=(DISABLED)  ALT0=()  ALT1=(PTE12)  ALT2=()  ALT3=()  ALT4=(I2S0_TX_BCLK)  ALT5=()  ALT6=(FTM3_CH7)  ALT7=()  EZPort=()  ,180 Degrees,0,-140
VDD,16,Power,Default=(VDD)  ALT0=(VDD)  ALT1=()  ALT2=()  ALT3=()  ALT4=()  ALT5=()  ALT6=()  ALT7=()  EZPort=()  ,180 Degrees,0,-150
VSS,17,Power,Default=(VSS)  ALT0=(VSS)  ALT1=()  ALT2=()  ALT3=()  ALT4=()  ALT5=()  ALT6=()  ALT7=()  EZPort=()  ,180 Degrees,0,-160
VSS,18,Power,Default=(VSS)  ALT0=(VSS)  ALT1=()  ALT2=()  ALT3=()  ALT4=()  ALT5=()  ALT6=()  ALT7=()  EZPort=()  ,180 Degrees,0,-170
USB0_DP,19,IO,Default=(USB0_DP)  ALT0=(USB0_DP)  ALT1=()  ALT2=()  ALT3=()  ALT4=()  ALT5=()  ALT6=()  ALT7=()  EZPort=()  ,180 Degrees,0,-180
USB0_DM,20,IO,Default=(USB0_DM)  ALT0=(USB0_DM)  ALT1=()  ALT2=()  ALT3=()  ALT4=()  ALT5=()  ALT6=()  ALT7=()  EZPort=()  ,180 Degrees,0,-190
VREG_OUT,21,IO,Default=(VREG_OUT)  ALT0=(VREG_OUT)  ALT1=()  ALT2=()  ALT3=()  ALT4=()  ALT5=()  ALT6=()  ALT7=()  EZPort=()  ,180 Degrees,0,-200
VREG_IN0,22,IO,Default=(VREG_IN0)  ALT0=(VREG_IN0)  ALT1=()  ALT2=()  ALT3=()  ALT4=()  ALT5=()  ALT6=()  ALT7=()  EZPort=()  ,180 Degrees,0,-210
-/VREG_IN1,23,IO,Default=(DISABLED)  ALT0=(VREG_IN1)  ALT1=()  ALT2=()  ALT3=()  ALT4=()  ALT5=()  ALT6=()  ALT7=()  EZPort=()  ,180 Degrees,0,-220
-/USB1_VSS,24,IO,Default=(DISABLED)  ALT0=(USB1_VSS)  ALT1=()  ALT2=()  ALT3=()  ALT4=()  ALT5=()  ALT6=()  ALT7=()  EZPort=()  ,180 Degrees,0,-230
-/USB1_DP,25,IO,Default=(DISABLED)  ALT0=(USB1_DP)  ALT1=()  ALT2=()  ALT3=()  ALT4=()  ALT5=()  ALT6=()  ALT7=()  EZPort=()  ,180 Degrees,0,-240
-/USB1_DM,26,IO,Default=(DISABLED)  ALT0=(USB1_DM)  ALT1=()  ALT2=()  ALT3=()  ALT4=()  ALT5=()  ALT6=()  ALT7=()  EZPort=()  ,180 Degrees,0,-250
-/USB1_VBUS,27,IO,Default=(DISABLED)  ALT0=(USB1_VBUS)  ALT1=()  ALT2=()  ALT3=()  ALT4=()  ALT5=()  ALT6=()  ALT7=()  EZPort=()  ,180 Degrees,0,-260
ADC0_DM0/ADC1_DM3,28,IO,Default=(ADC0_DM0/ADC1_DM3)  ALT0=(ADC0_DM0/ADC1_DM3)  ALT1=()  ALT2=()  ALT3=()  ALT4=()  ALT5=()  ALT6=()  ALT7=()  EZPort=()  ,180 Degrees,0,-270
ADC1_DP0/ADC0_DP3,29,IO,Default=(ADC1_DP0/ADC0_DP3)  ALT0=(ADC1_DP0/ADC0_DP3)  ALT1=()  ALT2=()  ALT3=()  ALT4=()  ALT5=()  ALT6=()  ALT7=()  EZPort=()  ,180 Degrees,0,-280
ADC1_DM0/ADC0_DM3,30,IO,Default=(ADC1_DM0/ADC0_DM3)  ALT0=(ADC1_DM0/ADC0_DM3)  ALT1=()  ALT2=()  ALT3=()  ALT4=()  ALT5=()  ALT6=()  ALT7=()  EZPort=()  ,180 Degrees,0,-290
VDDA,31,Power,Default=(VDDA)  ALT0=(VDDA)  ALT1=()  ALT2=()  ALT3=()  ALT4=()  ALT5=()  ALT6=()  ALT7=()  EZPort=()  ,180 Degrees,0,-300
VREFH,32,IO,Default=(VREFH)  ALT0=(VREFH)  ALT1=()  ALT2=()  ALT3=()  ALT4=()  ALT5=()  ALT6=()  ALT7=()  EZPort=()  ,180 Degrees,0,-310
VREFL,33,IO,Default=(VREFL)  ALT0=(VREFL)  ALT1=()  ALT2=()  ALT3=()  ALT4=()  ALT5=()  ALT6=()  ALT7=()  EZPort=()  ,180 Degrees,0,-320
VSSA,34,Power,Default=(VSSA)  ALT0=(VSSA)  ALT1=()  ALT2=()  ALT3=()  ALT4=()  ALT5=()  ALT6=()  ALT7=()  EZPort=()  ,180 Degrees,0,-330
ADC1_SE16/CMP2_IN2/ADC0_SE22,35,IO,Default=(ADC1_SE16/CMP2_IN2/ADC0_SE22)  ALT0=(ADC1_SE16/CMP2_IN2/ADC0_SE22)  ALT1=()  ALT2=()  ALT3=()  ALT4=()  ALT5=()  ALT6=()  ALT7=()  EZPort=()  ,180 Degrees,0,-340
ADC0_SE16/CMP1_IN2/ADC0_SE21,36,IO,Default=(ADC0_SE16/CMP1_IN2/ADC0_SE21)  ALT0=(ADC0_SE16/CMP1_IN2/ADC0_SE21)  ALT1=()  ALT2=()  ALT3=()  ALT4=()  ALT5=()  ALT6=()  ALT7=()  EZPort=()  ,180 Degrees,0,-350
VREF_OUT/CMP1_IN5/CMP0_IN5/ADC1_SE18,37,IO,Default=(VREF_OUT/CMP1_IN5/CMP0_IN5/ADC1_SE18)  ALT0=(VREF_OUT/CMP1_IN5/CMP0_IN5/ADC1_SE18)  ALT1=()  ALT2=()  ALT3=()  ALT4=()  ALT5=()  ALT6=()  ALT7=()  EZPort=()  ,180 Degrees,0,-360
DAC0_OUT/CMP1_IN3/ADC0_SE23,38,IO,Default=(DAC0_OUT/CMP1_IN3/ADC0_SE23)  ALT0=(DAC0_OUT/CMP1_IN3/ADC0_SE23)  ALT1=()  ALT2=()  ALT3=()  ALT4=()  ALT5=()  ALT6=()  ALT7=()  EZPort=()  ,180 Degrees,0,-370
DAC1_OUT/CMP0_IN4/CMP2_IN3/ADC1_SE23,39,IO,Default=(DAC1_OUT/CMP0_IN4/CMP2_IN3/ADC1_SE23)  ALT0=(DAC1_OUT/CMP0_IN4/CMP2_IN3/ADC1_SE23)  ALT1=()  ALT2=()  ALT3=()  ALT4=()  ALT5=()  ALT6=()  ALT7=()  EZPort=()  ,180 Degrees,0,-380
XTAL32,40,IO,Default=(XTAL32)  ALT0=(XTAL32)  ALT1=()  ALT2=()  ALT3=()  ALT4=()  ALT5=()  ALT6=()  ALT7=()  EZPort=()  ,180 Degrees,0,-390
EXTAL32,41,IO,Default=(EXTAL32)  ALT0=(EXTAL32)  ALT1=()  ALT2=()  ALT3=()  ALT4=()  ALT5=()  ALT6=()  ALT7=()  EZPort=()  ,180 Degrees,0,-400
VBAT,42,Power,Default=(VBAT)  ALT0=(VBAT)  ALT1=()  ALT2=()  ALT3=()  ALT4=()  ALT5=()  ALT6=()  ALT7=()  EZPort=()  ,180 Degrees,0,-410
VDD,43,Power,Default=(VDD)  ALT0=(VDD)  ALT1=()  ALT2=()  ALT3=()  ALT4=()  ALT5=()  ALT6=()  ALT7=()  EZPort=()  ,180 Degrees,0,-420
VSS,44,Power,Default=(VSS)  ALT0=(VSS)  ALT1=()  ALT2=()  ALT3=()  ALT4=()  ALT5=()  ALT6=()  ALT7=()  EZPort=()  ,180 Degrees,0,-430
ADC0_SE17/PTE24/CAN1_TX/UART4_TX/I2C0_SCL/\E\W\M\_\O\U\T,45,IO,Default=(ADC0_SE17)  ALT0=(ADC0_SE17)  ALT1=(PTE24)  ALT2=(CAN1_TX)  ALT3=(UART4_TX)  ALT4=()  ALT5=(I2C0_SCL)  ALT6=(EWM_OUT_b)  ALT7=()  EZPort=()  ,180 Degrees,0,-440
ADC0_SE18/PTE25/LLWU_P21/CAN1_RX/UART4_RX/I2C0_SDA/EWM_IN,46,IO,Default=(ADC0_SE18)  ALT0=(ADC0_SE18)  ALT1=(PTE25/LLWU_P21)  ALT2=(CAN1_RX)  ALT3=(UART4_RX)  ALT4=()  ALT5=(I2C0_SDA)  ALT6=(EWM_IN)  ALT7=()  EZPort=()  ,180 Degrees,0,-450
-/PTE26/ENET_1588_CLKIN/\U\A\R\T\4\_\C\T\S/RTC_CLKOUT/USB0_CLKIN,47,IO,Default=(DISABLED)  ALT0=()  ALT1=(PTE26)  ALT2=(ENET_1588_CLKIN)  ALT3=(UART4_CTS_b)  ALT4=()  ALT5=()  ALT6=(RTC_CLKOUT)  ALT7=(USB0_CLKIN)  EZPort=()  ,180 Degrees,0,-460
-/PTE27/\U\A\R\T\4\_\R\T\S,48,IO,Default=(DISABLED)  ALT0=()  ALT1=(PTE27)  ALT2=()  ALT3=(UART4_RTS_b)  ALT4=()  ALT5=()  ALT6=()  ALT7=()  EZPort=()  ,180 Degrees,0,-470
-/PTE28,49,IO,Default=(DISABLED)  ALT0=()  ALT1=(PTE28)  ALT2=()  ALT3=()  ALT4=()  ALT5=()  ALT6=()  ALT7=()  EZPort=()  ,180 Degrees,0,-480
TSI0_CH1/PTA0/\U\A\R\T\0\_\C\T\S\_\b\/\U\A\R\T\0\_\C\O\L/FTM0_CH5/\L\P\U\A\R\T\0\_\C\T\S/JTAG_TCLK/SWD_CLK,50,IO,Default=(JTAG_TCLK/SWD_CLK/EZP_CLK)  ALT0=(TSI0_CH1)  ALT1=(PTA0)  ALT2=(UART0_CTS_b/UART0_COL_b)  ALT3=(FTM0_CH5)  ALT4=()  ALT5=(LPUART0_CTS_b)  ALT6=()  ALT7=(JTAG_TCLK/SWD_CLK)  EZPort=(EZP_CLK)  ,180 Degrees,0,-490
TSI0_CH2/PTA1/UART0_RX/FTM0_CH6/I2C3_SDA/LPUART0_RX/JTAG_TDI,51,IO,Default=(JTAG_TDI/EZP_DI)  ALT0=(TSI0_CH2)  ALT1=(PTA1)  ALT2=(UART0_RX)  ALT3=(FTM0_CH6)  ALT4=(I2C3_SDA)  ALT5=(LPUART0_RX)  ALT6=()  ALT7=(JTAG_TDI)  EZPort=(EZP_DI)  ,180 Degrees,0,-500
TSI0_CH3/PTA2/UART0_TX/FTM0_CH7/I2C3_SCL/LPUART0_TX/JTAG_TDO/TRACE_SWO,52,IO,Default=(JTAG_TDO/TRACE_SWO/EZP_DO)  ALT0=(TSI0_CH3)  ALT1=(PTA2)  ALT2=(UART0_TX)  ALT3=(FTM0_CH7)  ALT4=(I2C3_SCL)  ALT5=(LPUART0_TX)  ALT6=()  ALT7=(JTAG_TDO/TRACE_SWO)  EZPort=(EZP_DO)  ,180 Degrees,0,-510
TSI0_CH4/PTA3/\U\A\R\T\0\_\R\T\S/FTM0_CH0/\L\P\U\A\R\T\0\_\R\T\S/JTAG_TMS/SWD_DIO,53,IO,Default=(JTAG_TMS/SWD_DIO)  ALT0=(TSI0_CH4)  ALT1=(PTA3)  ALT2=(UART0_RTS_b)  ALT3=(FTM0_CH0)  ALT4=()  ALT5=(LPUART0_RTS_b)  ALT6=()  ALT7=(JTAG_TMS/SWD_DIO)  EZPort=()  ,180 Degrees,0,-520
TSI0_CH5/PTA4/LLWU_P3/FTM0_CH1/\N\M\I,54,IO,Default=(NMI_b/EZP_CS_b)  ALT0=(TSI0_CH5)  ALT1=(PTA4/LLWU_P3)  ALT2=()  ALT3=(FTM0_CH1)  ALT4=()  ALT5=()  ALT6=()  ALT7=(NMI_b)  EZPort=(EZP_CS_b)  ,180 Degrees,0,-530
-/PTA5/USB0_CLKIN/FTM0_CH2/RMII0_RXER/MII0_RXER/CMP2_OUT/I2S0_TX_BCLK/\J\T\A\G\_\T\R\S\T,55,IO,Default=(DISABLED)  ALT0=()  ALT1=(PTA5)  ALT2=(USB0_CLKIN)  ALT3=(FTM0_CH2)  ALT4=(RMII0_RXER/MII0_RXER)  ALT5=(CMP2_OUT)  ALT6=(I2S0_TX_BCLK)  ALT7=(JTAG_TRST_b)  EZPort=()  ,180 Degrees,0,-540
VDD,56,Power,Default=(VDD)  ALT0=(VDD)  ALT1=()  ALT2=()  ALT3=()  ALT4=()  ALT5=()  ALT6=()  ALT7=()  EZPort=()  ,180 Degrees,0,-550
VSS,57,Power,Default=(VSS)  ALT0=(VSS)  ALT1=()  ALT2=()  ALT3=()  ALT4=()  ALT5=()  ALT6=()  ALT7=()  EZPort=()  ,180 Degrees,0,-560
-/PTA6/FTM0_CH3/CLKOUT/TRACE_CLKOUT,58,IO,Default=(DISABLED)  ALT0=()  ALT1=(PTA6)  ALT2=()  ALT3=(FTM0_CH3)  ALT4=()  ALT5=(CLKOUT)  ALT6=()  ALT7=(TRACE_CLKOUT)  EZPort=()  ,180 Degrees,0,-570
ADC0_SE10/PTA7/FTM0_CH4/RMII0_MDIO/MII0_MDIO/TRACE_D3,59,IO,Default=(ADC0_SE10)  ALT0=(ADC0_SE10)  ALT1=(PTA7)  ALT2=()  ALT3=(FTM0_CH4)  ALT4=()  ALT5=(RMII0_MDIO/MII0_MDIO)  ALT6=()  ALT7=(TRACE_D3)  EZPort=()  ,180 Degrees,0,-580
ADC0_SE11/PTA8/FTM1_CH0/RMII0_MDC/MII0_MDC/FTM1_QD_PHA/TPM1_CH0/TRACE_D2,60,IO,Default=(ADC0_SE11)  ALT0=(ADC0_SE11)  ALT1=(PTA8)  ALT2=()  ALT3=(FTM1_CH0)  ALT4=()  ALT5=(RMII0_MDC/MII0_MDC)  ALT6=(FTM1_QD_PHA/TPM1_CH0)  ALT7=(TRACE_D2)  EZPort=()  ,180 Degrees,0,-590
-/PTA9/FTM1_CH1/MII0_RXD3/FTM1_QD_PHB/TPM1_CH1/TRACE_D1,61,IO,Default=(DISABLED)  ALT0=()  ALT1=(PTA9)  ALT2=()  ALT3=(FTM1_CH1)  ALT4=(MII0_RXD3)  ALT5=()  ALT6=(FTM1_QD_PHB/TPM1_CH1)  ALT7=(TRACE_D1)  EZPort=()  ,180 Degrees,0,-600
-/PTA10/LLWU_P22/FTM2_CH0/MII0_RXD2/FTM2_QD_PHA/TPM2_CH0/TRACE_D0,62,IO,Default=(DISABLED)  ALT0=()  ALT1=(PTA10/LLWU_P22)  ALT2=()  ALT3=(FTM2_CH0)  ALT4=(MII0_RXD2)  ALT5=()  ALT6=(FTM2_QD_PHA/TPM2_CH0)  ALT7=(TRACE_D0)  EZPort=()  ,180 Degrees,0,-610
-/PTA11/LLWU_P23/FTM2_CH1/MII0_RXCLK/I2C2_SDA/FTM2_QD_PHB/TPM2_CH1,63,IO,Default=(DISABLED)  ALT0=()  ALT1=(PTA11/LLWU_P23)  ALT2=()  ALT3=(FTM2_CH1)  ALT4=(MII0_RXCLK)  ALT5=(I2C2_SDA)  ALT6=(FTM2_QD_PHB/TPM2_CH1)  ALT7=()  EZPort=()  ,180 Degrees,0,-620
CMP2_IN0/PTA12/CAN0_TX/FTM1_CH0/RMII0_RXD1/MII0_RXD1/I2C2_SCL/I2S0_TXD0/FTM1_QD_PHA/TPM1_CH0,64,IO,Default=(CMP2_IN0)  ALT0=(CMP2_IN0)  ALT1=(PTA12)  ALT2=(CAN0_TX)  ALT3=(FTM1_CH0)  ALT4=(RMII0_RXD1/MII0_RXD1)  ALT5=(I2C2_SCL)  ALT6=(I2S0_TXD0)  ALT7=(FTM1_QD_PHA/TPM1_CH0)  EZPort=()  ,180 Degrees,0,-630
CMP2_IN1/PTA13/LLWU_P4/CAN0_RX/FTM1_CH1/RMII0_RXD0/MII0_RXD0/I2C2_SDA/I2S0_TX_FS/FTM1_QD_PHB/TPM1_CH1,65,IO,Default=(CMP2_IN1)  ALT0=(CMP2_IN1)  ALT1=(PTA13/LLWU_P4)  ALT2=(CAN0_RX)  ALT3=(FTM1_CH1)  ALT4=(RMII0_RXD0/MII0_RXD0)  ALT5=(I2C2_SDA)  ALT6=(I2S0_TX_FS)  ALT7=(FTM1_QD_PHB/TPM1_CH1)  EZPort=()  ,180 Degrees,0,-640
-/PTA14/SPI0_PCS0/UART0_TX/RMII0_CRS_DV/MII0_RXDV/I2C2_SCL/I2S0_RX_BCLK/I2S0_TXD1,66,IO,Default=(DISABLED)  ALT0=()  ALT1=(PTA14)  ALT2=(SPI0_PCS0)  ALT3=(UART0_TX)  ALT4=(RMII0_CRS_DV/MII0_RXDV)  ALT5=(I2C2_SCL)  ALT6=(I2S0_RX_BCLK)  ALT7=(I2S0_TXD1)  EZPort=()  ,180 Degrees,0,-650
CMP3_IN1/PTA15/SPI0_SCK/UART0_RX/RMII0_TXEN/MII0_TXEN/I2S0_RXD0,67,IO,Default=(CMP3_IN1)  ALT0=(CMP3_IN1)  ALT1=(PTA15)  ALT2=(SPI0_SCK)  ALT3=(UART0_RX)  ALT4=(RMII0_TXEN/MII0_TXEN)  ALT5=()  ALT6=(I2S0_RXD0)  ALT7=()  EZPort=()  ,180 Degrees,0,-660
CMP3_IN2/PTA16/SPI0_SOUT/\U\A\R\T\0\_\C\T\S\_\b\/\U\A\R\T\0\_\C\O\L/RMII0_TXD0/MII0_TXD0/I2S0_RX_FS/I2S0_RXD1,68,IO,Default=(CMP3_IN2)  ALT0=(CMP3_IN2)  ALT1=(PTA16)  ALT2=(SPI0_SOUT)  ALT3=(UART0_CTS_b/UART0_COL_b)  ALT4=(RMII0_TXD0/MII0_TXD0)  ALT5=()  ALT6=(I2S0_RX_FS)  ALT7=(I2S0_RXD1)  EZPort=()  ,180 Degrees,0,-670
ADC1_SE17/PTA17/SPI0_SIN/\U\A\R\T\0\_\R\T\S/RMII0_TXD1/MII0_TXD1/I2S0_MCLK,69,IO,Default=(ADC1_SE17)  ALT0=(ADC1_SE17)  ALT1=(PTA17)  ALT2=(SPI0_SIN)  ALT3=(UART0_RTS_b)  ALT4=(RMII0_TXD1/MII0_TXD1)  ALT5=()  ALT6=(I2S0_MCLK)  ALT7=()  EZPort=()  ,180 Degrees,0,-680
VDD,70,Power,Default=(VDD)  ALT0=(VDD)  ALT1=()  ALT2=()  ALT3=()  ALT4=()  ALT5=()  ALT6=()  ALT7=()  EZPort=()  ,180 Degrees,0,-690
VSS,71,Power,Default=(VSS)  ALT0=(VSS)  ALT1=()  ALT2=()  ALT3=()  ALT4=()  ALT5=()  ALT6=()  ALT7=()  EZPort=()  ,180 Degrees,0,-700
EXTAL0/PTA18/FTM0_FLT2/FTM_CLKIN0/TPM_CLKIN0,72,IO,Default=(EXTAL0)  ALT0=(EXTAL0)  ALT1=(PTA18)  ALT2=()  ALT3=(FTM0_FLT2)  ALT4=(FTM_CLKIN0)  ALT5=()  ALT6=()  ALT7=(TPM_CLKIN0)  EZPort=()  ,180 Degrees,0,-710
XTAL0/PTA19/FTM1_FLT0/FTM_CLKIN1/LPTMR0_ALT1/TPM_CLKIN1,73,IO,Default=(XTAL0)  ALT0=(XTAL0)  ALT1=(PTA19)  ALT2=()  ALT3=(FTM1_FLT0)  ALT4=(FTM_CLKIN1)  ALT5=()  ALT6=(LPTMR0_ALT1)  ALT7=(TPM_CLKIN1)  EZPort=()  ,180 Degrees,0,-720
\R\E\S\E\T,74,IO,Default=(RESET_b)  ALT0=(RESET_b)  ALT1=()  ALT2=()  ALT3=()  ALT4=()  ALT5=()  ALT6=()  ALT7=()  EZPort=()  ,180 Degrees,0,-730
CMP3_IN4/PTA24/MII0_TXD2/FB_A29,75,IO,Default=(CMP3_IN4)  ALT0=(CMP3_IN4)  ALT1=(PTA24)  ALT2=()  ALT3=()  ALT4=(MII0_TXD2)  ALT5=()  ALT6=(FB_A29)  ALT7=()  EZPort=()  ,180 Degrees,0,-740
CMP3_IN5/PTA25/MII0_TXCLK/FB_A28,76,IO,Default=(CMP3_IN5)  ALT0=(CMP3_IN5)  ALT1=(PTA25)  ALT2=()  ALT3=()  ALT4=(MII0_TXCLK)  ALT5=()  ALT6=(FB_A28)  ALT7=()  EZPort=()  ,180 Degrees,0,-750
-/PTA26/MII0_TXD3/FB_A27,77,IO,Default=(DISABLED)  ALT0=()  ALT1=(PTA26)  ALT2=()  ALT3=()  ALT4=(MII0_TXD3)  ALT5=()  ALT6=(FB_A27)  ALT7=()  EZPort=()  ,180 Degrees,0,-760
-/PTA27/MII0_CRS/FB_A26,78,IO,Default=(DISABLED)  ALT0=()  ALT1=(PTA27)  ALT2=()  ALT3=()  ALT4=(MII0_CRS)  ALT5=()  ALT6=(FB_A26)  ALT7=()  EZPort=()  ,180 Degrees,0,-770
-/PTA28/MII0_TXER/FB_A25,79,IO,Default=(DISABLED)  ALT0=()  ALT1=(PTA28)  ALT2=()  ALT3=()  ALT4=(MII0_TXER)  ALT5=()  ALT6=(FB_A25)  ALT7=()  EZPort=()  ,180 Degrees,0,-780
-/PTA29/MII0_COL/FB_A24,80,IO,Default=(DISABLED)  ALT0=()  ALT1=(PTA29)  ALT2=()  ALT3=()  ALT4=(MII0_COL)  ALT5=()  ALT6=(FB_A24)  ALT7=()  EZPort=()  ,180 Degrees,0,-790
ADC0_SE8/ADC1_SE8/TSI0_CH0/PTB0/LLWU_P5/I2C0_SCL/FTM1_CH0/RMII0_MDIO/MII0_MDIO/\S\D\R\A\M\_\C\A\S/FTM1_QD_PHA/TPM1_CH0,81,IO,Default=(ADC0_SE8/ADC1_SE8/TSI0_CH0)  ALT0=(ADC0_SE8/ADC1_SE8/TSI0_CH0)  ALT1=(PTB0/LLWU_P5)  ALT2=(I2C0_SCL)  ALT3=(FTM1_CH0)  ALT4=(RMII0_MDIO/MII0_MDIO)  ALT5=(SDRAM_CAS_b)  ALT6=(FTM1_QD_PHA/TPM1_CH0)  ALT7=()  EZPort=()  ,180 Degrees,0,-800
ADC0_SE9/ADC1_SE9/TSI0_CH6/PTB1/I2C0_SDA/FTM1_CH1/RMII0_MDC/MII0_MDC/\S\D\R\A\M\_\R\A\S/FTM1_QD_PHB/TPM1_CH1,82,IO,Default=(ADC0_SE9/ADC1_SE9/TSI0_CH6)  ALT0=(ADC0_SE9/ADC1_SE9/TSI0_CH6)  ALT1=(PTB1)  ALT2=(I2C0_SDA)  ALT3=(FTM1_CH1)  ALT4=(RMII0_MDC/MII0_MDC)  ALT5=(SDRAM_RAS_b)  ALT6=(FTM1_QD_PHB/TPM1_CH1)  ALT7=()  EZPort=()  ,180 Degrees,0,-810
ADC0_SE12/TSI0_CH7/PTB2/I2C0_SCL/\U\A\R\T\0\_\R\T\S/ENET0_1588_TMR0/SDRAM_WE/FTM0_FLT3,83,IO,Default=(ADC0_SE12/TSI0_CH7)  ALT0=(ADC0_SE12/TSI0_CH7)  ALT1=(PTB2)  ALT2=(I2C0_SCL)  ALT3=(UART0_RTS_b)  ALT4=(ENET0_1588_TMR0)  ALT5=(SDRAM_WE)  ALT6=(FTM0_FLT3)  ALT7=()  EZPort=()  ,180 Degrees,0,-820
ADC0_SE13/TSI0_CH8/PTB3/I2C0_SDA/\U\A\R\T\0\_\C\T\S\_\b\/\U\A\R\T\0\_\C\O\L/ENET0_1588_TMR1/\S\D\R\A\M\_\C\S\0/FTM0_FLT0,84,IO,Default=(ADC0_SE13/TSI0_CH8)  ALT0=(ADC0_SE13/TSI0_CH8)  ALT1=(PTB3)  ALT2=(I2C0_SDA)  ALT3=(UART0_CTS_b/UART0_COL_b)  ALT4=(ENET0_1588_TMR1)  ALT5=(SDRAM_CS0_b)  ALT6=(FTM0_FLT0)  ALT7=()  EZPort=()  ,180 Degrees,0,-830
ADC1_SE10/PTB4/ENET0_1588_TMR2/\S\D\R\A\M\_\C\S\1/FTM1_FLT0,85,IO,Default=(ADC1_SE10)  ALT0=(ADC1_SE10)  ALT1=(PTB4)  ALT2=()  ALT3=()  ALT4=(ENET0_1588_TMR2)  ALT5=(SDRAM_CS1_b)  ALT6=(FTM1_FLT0)  ALT7=()  EZPort=()  ,180 Degrees,0,-840
ADC1_SE11/PTB5/ENET0_1588_TMR3/FTM2_FLT0,86,IO,Default=(ADC1_SE11)  ALT0=(ADC1_SE11)  ALT1=(PTB5)  ALT2=()  ALT3=()  ALT4=(ENET0_1588_TMR3)  ALT5=()  ALT6=(FTM2_FLT0)  ALT7=()  EZPort=()  ,180 Degrees,0,-850
ADC1_SE12/PTB6/FB_AD23/SDRAM_D23,87,IO,Default=(ADC1_SE12)  ALT0=(ADC1_SE12)  ALT1=(PTB6)  ALT2=()  ALT3=()  ALT4=()  ALT5=(FB_AD23/SDRAM_D23)  ALT6=()  ALT7=()  EZPort=()  ,180 Degrees,0,-860
ADC1_SE13/PTB7/FB_AD22/SDRAM_D22,88,IO,Default=(ADC1_SE13)  ALT0=(ADC1_SE13)  ALT1=(PTB7)  ALT2=()  ALT3=()  ALT4=()  ALT5=(FB_AD22/SDRAM_D22)  ALT6=()  ALT7=()  EZPort=()  ,180 Degrees,0,-870
-/PTB8/\U\A\R\T\3\_\R\T\S/FB_AD21/SDRAM_D21,89,IO,Default=(DISABLED)  ALT0=()  ALT1=(PTB8)  ALT2=()  ALT3=(UART3_RTS_b)  ALT4=()  ALT5=(FB_AD21/SDRAM_D21)  ALT6=()  ALT7=()  EZPort=()  ,180 Degrees,0,-880
-/PTB9/SPI1_PCS1/\U\A\R\T\3\_\C\T\S/FB_AD20/SDRAM_D20,90,IO,Default=(DISABLED)  ALT0=()  ALT1=(PTB9)  ALT2=(SPI1_PCS1)  ALT3=(UART3_CTS_b)  ALT4=()  ALT5=(FB_AD20/SDRAM_D20)  ALT6=()  ALT7=()  EZPort=()  ,180 Degrees,0,-890
ADC1_SE14/PTB10/SPI1_PCS0/UART3_RX/FB_AD19/SDRAM_D19/FTM0_FLT1,91,IO,Default=(ADC1_SE14)  ALT0=(ADC1_SE14)  ALT1=(PTB10)  ALT2=(SPI1_PCS0)  ALT3=(UART3_RX)  ALT4=()  ALT5=(FB_AD19/SDRAM_D19)  ALT6=(FTM0_FLT1)  ALT7=()  EZPort=()  ,180 Degrees,0,-900
ADC1_SE15/PTB11/SPI1_SCK/UART3_TX/FB_AD18/SDRAM_D18/FTM0_FLT2,92,IO,Default=(ADC1_SE15)  ALT0=(ADC1_SE15)  ALT1=(PTB11)  ALT2=(SPI1_SCK)  ALT3=(UART3_TX)  ALT4=()  ALT5=(FB_AD18/SDRAM_D18)  ALT6=(FTM0_FLT2)  ALT7=()  EZPort=()  ,180 Degrees,0,-910
VSS,93,Power,Default=(VSS)  ALT0=(VSS)  ALT1=()  ALT2=()  ALT3=()  ALT4=()  ALT5=()  ALT6=()  ALT7=()  EZPort=()  ,180 Degrees,0,-920
VDD,94,Power,Default=(VDD)  ALT0=(VDD)  ALT1=()  ALT2=()  ALT3=()  ALT4=()  ALT5=()  ALT6=()  ALT7=()  EZPort=()  ,180 Degrees,0,-930
TSI0_CH9/PTB16/SPI1_SOUT/UART0_RX/FTM_CLKIN0/FB_AD17/SDRAM_D17/EWM_IN/TPM_CLKIN0,95,IO,Default=(TSI0_CH9)  ALT0=(TSI0_CH9)  ALT1=(PTB16)  ALT2=(SPI1_SOUT)  ALT3=(UART0_RX)  ALT4=(FTM_CLKIN0)  ALT5=(FB_AD17/SDRAM_D17)  ALT6=(EWM_IN)  ALT7=(TPM_CLKIN0)  EZPort=()  ,180 Degrees,0,-940
TSI0_CH10/PTB17/SPI1_SIN/UART0_TX/FTM_CLKIN1/FB_AD16/SDRAM_D16/\E\W\M\_\O\U\T/TPM_CLKIN1,96,IO,Default=(TSI0_CH10)  ALT0=(TSI0_CH10)  ALT1=(PTB17)  ALT2=(SPI1_SIN)  ALT3=(UART0_TX)  ALT4=(FTM_CLKIN1)  ALT5=(FB_AD16/SDRAM_D16)  ALT6=(EWM_OUT_b)  ALT7=(TPM_CLKIN1)  EZPort=()  ,180 Degrees,0,-950
TSI0_CH11/PTB18/CAN0_TX/FTM2_CH0/I2S0_TX_BCLK/FB_AD15/SDRAM_A23/FTM2_QD_PHA/TPM2_CH0,97,IO,Default=(TSI0_CH11)  ALT0=(TSI0_CH11)  ALT1=(PTB18)  ALT2=(CAN0_TX)  ALT3=(FTM2_CH0)  ALT4=(I2S0_TX_BCLK)  ALT5=(FB_AD15/SDRAM_A23)  ALT6=(FTM2_QD_PHA/TPM2_CH0)  ALT7=()  EZPort=()  ,180 Degrees,0,-960
TSI0_CH12/PTB19/CAN0_RX/FTM2_CH1/I2S0_TX_FS/\F\B\_\O\E/FTM2_QD_PHB/TPM2_CH1,98,IO,Default=(TSI0_CH12)  ALT0=(TSI0_CH12)  ALT1=(PTB19)  ALT2=(CAN0_RX)  ALT3=(FTM2_CH1)  ALT4=(I2S0_TX_FS)  ALT5=(FB_OE_b)  ALT6=(FTM2_QD_PHB/TPM2_CH1)  ALT7=()  EZPort=()  ,180 Degrees,0,-970
-/PTB20/SPI2_PCS0/FB_AD31/SDRAM_D31/CMP0_OUT,99,IO,Default=(DISABLED)  ALT0=()  ALT1=(PTB20)  ALT2=(SPI2_PCS0)  ALT3=()  ALT4=()  ALT5=(FB_AD31/SDRAM_D31)  ALT6=(CMP0_OUT)  ALT7=()  EZPort=()  ,180 Degrees,0,-980
-/PTB21/SPI2_SCK/FB_AD30/SDRAM_D30/CMP1_OUT,100,IO,Default=(DISABLED)  ALT0=()  ALT1=(PTB21)  ALT2=(SPI2_SCK)  ALT3=()  ALT4=()  ALT5=(FB_AD30/SDRAM_D30)  ALT6=(CMP1_OUT)  ALT7=()  EZPort=()  ,180 Degrees,0,-990
-/PTB22/SPI2_SOUT/FB_AD29/SDRAM_D29/CMP2_OUT,101,IO,Default=(DISABLED)  ALT0=()  ALT1=(PTB22)  ALT2=(SPI2_SOUT)  ALT3=()  ALT4=()  ALT5=(FB_AD29/SDRAM_D29)  ALT6=(CMP2_OUT)  ALT7=()  EZPort=()  ,180 Degrees,0,-1000
-/PTB23/SPI2_SIN/SPI0_PCS5/FB_AD28/SDRAM_D28/CMP3_OUT,102,IO,Default=(DISABLED)  ALT0=()  ALT1=(PTB23)  ALT2=(SPI2_SIN)  ALT3=(SPI0_PCS5)  ALT4=()  ALT5=(FB_AD28/SDRAM_D28)  ALT6=(CMP3_OUT)  ALT7=()  EZPort=()  ,180 Degrees,0,-1010
ADC0_SE14/TSI0_CH13/PTC0/SPI0_PCS4/PDB0_EXTRG/USB0_SOF_OUT/FB_AD14/SDRAM_A22/I2S0_TXD1,103,IO,Default=(ADC0_SE14/TSI0_CH13)  ALT0=(ADC0_SE14/TSI0_CH13)  ALT1=(PTC0)  ALT2=(SPI0_PCS4)  ALT3=(PDB0_EXTRG)  ALT4=(USB0_SOF_OUT)  ALT5=(FB_AD14/SDRAM_A22)  ALT6=(I2S0_TXD1)  ALT7=()  EZPort=()  ,180 Degrees,0,-1020
ADC0_SE15/TSI0_CH14/PTC1/LLWU_P6/SPI0_PCS3/\U\A\R\T\1\_\R\T\S/FTM0_CH0/FB_AD13/SDRAM_A21/I2S0_TXD0,104,IO,Default=(ADC0_SE15/TSI0_CH14)  ALT0=(ADC0_SE15/TSI0_CH14)  ALT1=(PTC1/LLWU_P6)  ALT2=(SPI0_PCS3)  ALT3=(UART1_RTS_b)  ALT4=(FTM0_CH0)  ALT5=(FB_AD13/SDRAM_A21)  ALT6=(I2S0_TXD0)  ALT7=()  EZPort=()  ,180 Degrees,0,-1030
ADC0_SE4b/CMP1_IN0/TSI0_CH15/PTC2/SPI0_PCS2/\U\A\R\T\1\_\C\T\S/FTM0_CH1/FB_AD12/SDRAM_A20/I2S0_TX_FS,105,IO,Default=(ADC0_SE4b/CMP1_IN0/TSI0_CH15)  ALT0=(ADC0_SE4b/CMP1_IN0/TSI0_CH15)  ALT1=(PTC2)  ALT2=(SPI0_PCS2)  ALT3=(UART1_CTS_b)  ALT4=(FTM0_CH1)  ALT5=(FB_AD12/SDRAM_A20)  ALT6=(I2S0_TX_FS)  ALT7=()  EZPort=()  ,180 Degrees,0,-1040
CMP1_IN1/PTC3/LLWU_P7/SPI0_PCS1/UART1_RX/FTM0_CH2/CLKOUT/I2S0_TX_BCLK,106,IO,Default=(CMP1_IN1)  ALT0=(CMP1_IN1)  ALT1=(PTC3/LLWU_P7)  ALT2=(SPI0_PCS1)  ALT3=(UART1_RX)  ALT4=(FTM0_CH2)  ALT5=(CLKOUT)  ALT6=(I2S0_TX_BCLK)  ALT7=()  EZPort=()  ,180 Degrees,0,-1050
VSS,107,Power,Default=(VSS)  ALT0=(VSS)  ALT1=()  ALT2=()  ALT3=()  ALT4=()  ALT5=()  ALT6=()  ALT7=()  EZPort=()  ,180 Degrees,0,-1060
VDD,108,Power,Default=(VDD)  ALT0=(VDD)  ALT1=()  ALT2=()  ALT3=()  ALT4=()  ALT5=()  ALT6=()  ALT7=()  EZPort=()  ,180 Degrees,0,-1070
-/PTC4/LLWU_P8/SPI0_PCS0/UART1_TX/FTM0_CH3/FB_AD11/SDRAM_A19/CMP1_OUT,109,IO,Default=(DISABLED)  ALT0=()  ALT1=(PTC4/LLWU_P8)  ALT2=(SPI0_PCS0)  ALT3=(UART1_TX)  ALT4=(FTM0_CH3)  ALT5=(FB_AD11/SDRAM_A19)  ALT6=(CMP1_OUT)  ALT7=()  EZPort=()  ,180 Degrees,0,-1080
-/PTC5/LLWU_P9/SPI0_SCK/LPTMR0_ALT2/I2S0_RXD0/FB_AD10/SDRAM_A18/CMP0_OUT/FTM0_CH2,110,IO,Default=(DISABLED)  ALT0=()  ALT1=(PTC5/LLWU_P9)  ALT2=(SPI0_SCK)  ALT3=(LPTMR0_ALT2)  ALT4=(I2S0_RXD0)  ALT5=(FB_AD10/SDRAM_A18)  ALT6=(CMP0_OUT)  ALT7=(FTM0_CH2)  EZPort=()  ,180 Degrees,0,-1090
CMP0_IN0/PTC6/LLWU_P10/SPI0_SOUT/PDB0_EXTRG/I2S0_RX_BCLK/FB_AD9/SDRAM_A17/I2S0_MCLK,111,IO,Default=(CMP0_IN0)  ALT0=(CMP0_IN0)  ALT1=(PTC6/LLWU_P10)  ALT2=(SPI0_SOUT)  ALT3=(PDB0_EXTRG)  ALT4=(I2S0_RX_BCLK)  ALT5=(FB_AD9/SDRAM_A17)  ALT6=(I2S0_MCLK)  ALT7=()  EZPort=()  ,180 Degrees,0,-1100
CMP0_IN1/PTC7/SPI0_SIN/USB0_SOF_OUT/I2S0_RX_FS/FB_AD8/SDRAM_A16,112,IO,Default=(CMP0_IN1)  ALT0=(CMP0_IN1)  ALT1=(PTC7)  ALT2=(SPI0_SIN)  ALT3=(USB0_SOF_OUT)  ALT4=(I2S0_RX_FS)  ALT5=(FB_AD8/SDRAM_A16)  ALT6=()  ALT7=()  EZPort=()  ,180 Degrees,0,-1110
ADC1_SE4b/CMP0_IN2/PTC8/FTM3_CH4/I2S0_MCLK/FB_AD7/SDRAM_A15,113,IO,Default=(ADC1_SE4b/CMP0_IN2)  ALT0=(ADC1_SE4b/CMP0_IN2)  ALT1=(PTC8)  ALT2=()  ALT3=(FTM3_CH4)  ALT4=(I2S0_MCLK)  ALT5=(FB_AD7/SDRAM_A15)  ALT6=()  ALT7=()  EZPort=()  ,180 Degrees,0,-1120
ADC1_SE5b/CMP0_IN3/PTC9/FTM3_CH5/I2S0_RX_BCLK/FB_AD6/SDRAM_A14/FTM2_FLT0,114,IO,Default=(ADC1_SE5b/CMP0_IN3)  ALT0=(ADC1_SE5b/CMP0_IN3)  ALT1=(PTC9)  ALT2=()  ALT3=(FTM3_CH5)  ALT4=(I2S0_RX_BCLK)  ALT5=(FB_AD6/SDRAM_A14)  ALT6=(FTM2_FLT0)  ALT7=()  EZPort=()  ,180 Degrees,0,-1130
ADC1_SE6b/PTC10/I2C1_SCL/FTM3_CH6/I2S0_RX_FS/FB_AD5/SDRAM_A13,115,IO,Default=(ADC1_SE6b)  ALT0=(ADC1_SE6b)  ALT1=(PTC10)  ALT2=(I2C1_SCL)  ALT3=(FTM3_CH6)  ALT4=(I2S0_RX_FS)  ALT5=(FB_AD5/SDRAM_A13)  ALT6=()  ALT7=()  EZPort=()  ,180 Degrees,0,-1140
ADC1_SE7b/PTC11/LLWU_P11/I2C1_SDA/FTM3_CH7/I2S0_RXD1/\F\B\_\R\W,116,IO,Default=(ADC1_SE7b)  ALT0=(ADC1_SE7b)  ALT1=(PTC11/LLWU_P11)  ALT2=(I2C1_SDA)  ALT3=(FTM3_CH7)  ALT4=(I2S0_RXD1)  ALT5=(FB_RW_b)  ALT6=()  ALT7=()  EZPort=()  ,180 Degrees,0,-1150
-/PTC12/\U\A\R\T\4\_\R\T\S/FTM_CLKIN0/FB_AD27/SDRAM_D27/FTM3_FLT0/TPM_CLKIN0,117,IO,Default=(DISABLED)  ALT0=()  ALT1=(PTC12)  ALT2=()  ALT3=(UART4_RTS_b)  ALT4=(FTM_CLKIN0)  ALT5=(FB_AD27/SDRAM_D27)  ALT6=(FTM3_FLT0)  ALT7=(TPM_CLKIN0)  EZPort=()  ,180 Degrees,0,-1160
-/PTC13/\U\A\R\T\4\_\C\T\S/FTM_CLKIN1/FB_AD26/SDRAM_D26/TPM_CLKIN1,118,IO,Default=(DISABLED)  ALT0=()  ALT1=(PTC13)  ALT2=()  ALT3=(UART4_CTS_b)  ALT4=(FTM_CLKIN1)  ALT5=(FB_AD26/SDRAM_D26)  ALT6=()  ALT7=(TPM_CLKIN1)  EZPort=()  ,180 Degrees,0,-1170
-/PTC14/UART4_RX/FB_AD25/SDRAM_D25,119,IO,Default=(DISABLED)  ALT0=()  ALT1=(PTC14)  ALT2=()  ALT3=(UART4_RX)  ALT4=()  ALT5=(FB_AD25/SDRAM_D25)  ALT6=()  ALT7=()  EZPort=()  ,180 Degrees,0,-1180
-/PTC15/UART4_TX/FB_AD24/SDRAM_D24,120,IO,Default=(DISABLED)  ALT0=()  ALT1=(PTC15)  ALT2=()  ALT3=(UART4_TX)  ALT4=()  ALT5=(FB_AD24/SDRAM_D24)  ALT6=()  ALT7=()  EZPort=()  ,180 Degrees,0,-1190
VSS,121,Power,Default=(VSS)  ALT0=(VSS)  ALT1=()  ALT2=()  ALT3=()  ALT4=()  ALT5=()  ALT6=()  ALT7=()  EZPort=()  ,180 Degrees,0,-1200
VDD,122,Power,Default=(VDD)  ALT0=(VDD)  ALT1=()  ALT2=()  ALT3=()  ALT4=()  ALT5=()  ALT6=()  ALT7=()  EZPort=()  ,180 Degrees,0,-1210
-/PTC16/CAN1_RX/UART3_RX/ENET0_1588_TMR0/FB_CS5_b/FB_TSIZ1/FB_BE23_16_BLS15_8_b/SDRAM_DQM2,123,IO,Default=(DISABLED)  ALT0=()  ALT1=(PTC16)  ALT2=(CAN1_RX)  ALT3=(UART3_RX)  ALT4=(ENET0_1588_TMR0)  ALT5=(FB_CS5_b/FB_TSIZ1/FB_BE23_16_BLS15_8_b/SDRAM_DQM2)  ALT6=()  ALT7=()  EZPort=()  ,180 Degrees,0,-1220
-/PTC17/CAN1_TX/UART3_TX/ENET0_1588_TMR1/FB_CS4_b/FB_TSIZ0/FB_BE31_24_BLS7_0_b/SDRAM_DQM3,124,IO,Default=(DISABLED)  ALT0=()  ALT1=(PTC17)  ALT2=(CAN1_TX)  ALT3=(UART3_TX)  ALT4=(ENET0_1588_TMR1)  ALT5=(FB_CS4_b/FB_TSIZ0/FB_BE31_24_BLS7_0_b/SDRAM_DQM3)  ALT6=()  ALT7=()  EZPort=()  ,180 Degrees,0,-1230
-/PTC18/\U\A\R\T\3\_\R\T\S/ENET0_1588_TMR2/FB_TBST_b/FB_CS2_b/FB_BE15_8_BLS23_16_b/SDRAM_DQM1,125,IO,Default=(DISABLED)  ALT0=()  ALT1=(PTC18)  ALT2=()  ALT3=(UART3_RTS_b)  ALT4=(ENET0_1588_TMR2)  ALT5=(FB_TBST_b/FB_CS2_b/FB_BE15_8_BLS23_16_b/SDRAM_DQM1)  ALT6=()  ALT7=()  EZPort=()  ,180 Degrees,0,-1240
-/PTC19/\U\A\R\T\3\_\C\T\S/ENET0_1588_TMR3/FB_CS3_b/FB_BE7_0_BLS31_24_b/SDRAM_DQM0/\F\B\_\T\A,126,IO,Default=(DISABLED)  ALT0=()  ALT1=(PTC19)  ALT2=()  ALT3=(UART3_CTS_b)  ALT4=(ENET0_1588_TMR3)  ALT5=(FB_CS3_b/FB_BE7_0_BLS31_24_b/SDRAM_DQM0)  ALT6=(FB_TA_b)  ALT7=()  EZPort=()  ,180 Degrees,0,-1250
-/PTD0/LLWU_P12/SPI0_PCS0/\U\A\R\T\2\_\R\T\S/FTM3_CH0/\F\B\_\A\L\E\/\F\B\_\C\S\1\_\b\/\F\B\_\T\S,127,IO,Default=(DISABLED)  ALT0=()  ALT1=(PTD0/LLWU_P12)  ALT2=(SPI0_PCS0)  ALT3=(UART2_RTS_b)  ALT4=(FTM3_CH0)  ALT5=(FB_ALE/FB_CS1_b/FB_TS_b)  ALT6=()  ALT7=()  EZPort=()  ,180 Degrees,0,-1260
ADC0_SE5b/PTD1/SPI0_SCK/\U\A\R\T\2\_\C\T\S/FTM3_CH1/\F\B\_\C\S\0,128,IO,Default=(ADC0_SE5b)  ALT0=(ADC0_SE5b)  ALT1=(PTD1)  ALT2=(SPI0_SCK)  ALT3=(UART2_CTS_b)  ALT4=(FTM3_CH1)  ALT5=(FB_CS0_b)  ALT6=()  ALT7=()  EZPort=()  ,180 Degrees,0,-1270
-/PTD2/LLWU_P13/SPI0_SOUT/UART2_RX/FTM3_CH2/FB_AD4/SDRAM_A12/I2C0_SCL,129,IO,Default=(DISABLED)  ALT0=()  ALT1=(PTD2/LLWU_P13)  ALT2=(SPI0_SOUT)  ALT3=(UART2_RX)  ALT4=(FTM3_CH2)  ALT5=(FB_AD4/SDRAM_A12)  ALT6=()  ALT7=(I2C0_SCL)  EZPort=()  ,180 Degrees,0,-1280
-/PTD3/SPI0_SIN/UART2_TX/FTM3_CH3/FB_AD3/SDRAM_A11/I2C0_SDA,130,IO,Default=(DISABLED)  ALT0=()  ALT1=(PTD3)  ALT2=(SPI0_SIN)  ALT3=(UART2_TX)  ALT4=(FTM3_CH3)  ALT5=(FB_AD3/SDRAM_A11)  ALT6=()  ALT7=(I2C0_SDA)  EZPort=()  ,180 Degrees,0,-1290
-/PTD4/LLWU_P14/SPI0_PCS1/\U\A\R\T\0\_\R\T\S/FTM0_CH4/FB_AD2/SDRAM_A10/EWM_IN/SPI1_PCS0,131,IO,Default=(DISABLED)  ALT0=()  ALT1=(PTD4/LLWU_P14)  ALT2=(SPI0_PCS1)  ALT3=(UART0_RTS_b)  ALT4=(FTM0_CH4)  ALT5=(FB_AD2/SDRAM_A10)  ALT6=(EWM_IN)  ALT7=(SPI1_PCS0)  EZPort=()  ,180 Degrees,0,-1300
ADC0_SE6b/PTD5/SPI0_PCS2/\U\A\R\T\0\_\C\T\S\_\b\/\U\A\R\T\0\_\C\O\L/FTM0_CH5/FB_AD1/SDRAM_A9/\E\W\M\_\O\U\T/SPI1_SCK,132,IO,Default=(ADC0_SE6b)  ALT0=(ADC0_SE6b)  ALT1=(PTD5)  ALT2=(SPI0_PCS2)  ALT3=(UART0_CTS_b/UART0_COL_b)  ALT4=(FTM0_CH5)  ALT5=(FB_AD1/SDRAM_A9)  ALT6=(EWM_OUT_b)  ALT7=(SPI1_SCK)  EZPort=()  ,180 Degrees,0,-1310
ADC0_SE7b/PTD6/LLWU_P15/SPI0_PCS3/UART0_RX/FTM0_CH6/FB_AD0/FTM0_FLT0/SPI1_SOUT,133,IO,Default=(ADC0_SE7b)  ALT0=(ADC0_SE7b)  ALT1=(PTD6/LLWU_P15)  ALT2=(SPI0_PCS3)  ALT3=(UART0_RX)  ALT4=(FTM0_CH6)  ALT5=(FB_AD0)  ALT6=(FTM0_FLT0)  ALT7=(SPI1_SOUT)  EZPort=()  ,180 Degrees,0,-1320
VSS,134,Power,Default=(VSS)  ALT0=(VSS)  ALT1=()  ALT2=()  ALT3=()  ALT4=()  ALT5=()  ALT6=()  ALT7=()  EZPort=()  ,180 Degrees,0,-1330
VDD,135,Power,Default=(VDD)  ALT0=(VDD)  ALT1=()  ALT2=()  ALT3=()  ALT4=()  ALT5=()  ALT6=()  ALT7=()  EZPort=()  ,180 Degrees,0,-1340
-/PTD7/CMT_IRO/UART0_TX/FTM0_CH7/SDRAM_CKE/FTM0_FLT1/SPI1_SIN,136,IO,Default=(DISABLED)  ALT0=()  ALT1=(PTD7)  ALT2=(CMT_IRO)  ALT3=(UART0_TX)  ALT4=(FTM0_CH7)  ALT5=(SDRAM_CKE)  ALT6=(FTM0_FLT1)  ALT7=(SPI1_SIN)  EZPort=()  ,180 Degrees,0,-1350
-/PTD8/LLWU_P24/I2C0_SCL/LPUART0_RX/FB_A16,137,IO,Default=(DISABLED)  ALT0=()  ALT1=(PTD8/LLWU_P24)  ALT2=(I2C0_SCL)  ALT3=()  ALT4=()  ALT5=(LPUART0_RX)  ALT6=(FB_A16)  ALT7=()  EZPort=()  ,180 Degrees,0,-1360
-/PTD9/I2C0_SDA/LPUART0_TX/FB_A17,138,IO,Default=(DISABLED)  ALT0=()  ALT1=(PTD9)  ALT2=(I2C0_SDA)  ALT3=()  ALT4=()  ALT5=(LPUART0_TX)  ALT6=(FB_A17)  ALT7=()  EZPort=()  ,180 Degrees,0,-1370
-/PTD10/\L\P\U\A\R\T\0\_\R\T\S/FB_A18,139,IO,Default=(DISABLED)  ALT0=()  ALT1=(PTD10)  ALT2=()  ALT3=()  ALT4=()  ALT5=(LPUART0_RTS_b)  ALT6=(FB_A18)  ALT7=()  EZPort=()  ,180 Degrees,0,-1380
-/PTD11/LLWU_P25/SPI2_PCS0/SDHC0_CLKIN/\L\P\U\A\R\T\0\_\C\T\S/FB_A19,140,IO,Default=(DISABLED)  ALT0=()  ALT1=(PTD11/LLWU_P25)  ALT2=(SPI2_PCS0)  ALT3=()  ALT4=(SDHC0_CLKIN)  ALT5=(LPUART0_CTS_b)  ALT6=(FB_A19)  ALT7=()  EZPort=()  ,180 Degrees,0,-1390
-/PTD12/SPI2_SCK/FTM3_FLT0/SDHC0_D4/FB_A20,141,IO,Default=(DISABLED)  ALT0=()  ALT1=(PTD12)  ALT2=(SPI2_SCK)  ALT3=(FTM3_FLT0)  ALT4=(SDHC0_D4)  ALT5=()  ALT6=(FB_A20)  ALT7=()  EZPort=()  ,180 Degrees,0,-1400
-/PTD13/SPI2_SOUT/SDHC0_D5/FB_A21,142,IO,Default=(DISABLED)  ALT0=()  ALT1=(PTD13)  ALT2=(SPI2_SOUT)  ALT3=()  ALT4=(SDHC0_D5)  ALT5=()  ALT6=(FB_A21)  ALT7=()  EZPort=()  ,180 Degrees,0,-1410
-/PTD14/SPI2_SIN/SDHC0_D6/FB_A22,143,IO,Default=(DISABLED)  ALT0=()  ALT1=(PTD14)  ALT2=(SPI2_SIN)  ALT3=()  ALT4=(SDHC0_D6)  ALT5=()  ALT6=(FB_A22)  ALT7=()  EZPort=()  ,180 Degrees,0,-1420
-/PTD15/SPI2_PCS1/SDHC0_D7/FB_A23,144,IO,Default=(DISABLED)  ALT0=()  ALT1=(PTD15)  ALT2=(SPI2_PCS1)  ALT3=()  ALT4=(SDHC0_D7)  ALT5=()  ALT6=(FB_A23)  ALT7=()  EZPort=()  ,180 Degrees,0,-1430
